N1,N2,...,Nx
[0, 5, 22, 41, 40, 8, 27, 40, 38, 27]
[5, 0, 14, 8, 50, 49, 41, 38, 14, 3]
[22, 14, 0, 26, 48, 15, 15, 37, 44, 35]
[41, 8, 26, 0, 7, 45, 27, 46, 33, 17]
[40, 50, 48, 7, 0, 5, 4, 23, 33, 3]
[8, 49, 15, 45, 5, 0, 42, 8, 13, 40]
[27, 41, 15, 27, 4, 42, 0, 39, 16, 48]
[40, 38, 37, 46, 23, 8, 39, 0, 43, 12]
[38, 14, 44, 33, 33, 13, 16, 43, 0, 14]
[27, 3, 35, 17, 3, 40, 48, 12, 14, 0]
