N1,N2,...,Nx
[0, 4, 31, 16, 8, 9, 22, 35]
[4, 0, 43, 3, 30, 8, 0, 48]
[31, 43, 0, 26, 30, 10, 36, 13]
[16, 3, 26, 0, 23, 3, 46, 34]
[8, 30, 30, 23, 0, 41, 24, 9]
[9, 8, 10, 3, 41, 0, 29, 10]
[22, 0, 36, 46, 24, 29, 0, 47]
[35, 48, 13, 34, 9, 10, 47, 0]
