N1,N2,...,Nx
[0, 7, 48, 49, 34, 39, 23, 11, 25, 14, 34]
[7, 0, 34, 35, 24, 43, 32, 46, 16, 26, 7]
[48, 34, 0, 27, 2, 33, 4, 7, 14, 31, 18]
[49, 35, 27, 0, 12, 25, 16, 47, 46, 7, 38]
[34, 24, 2, 12, 0, 27, 1, 26, 6, 33, 27]
[39, 43, 33, 25, 27, 0, 50, 27, 23, 43, 28]
[23, 32, 4, 16, 1, 50, 0, 35, 49, 10, 21]
[11, 46, 7, 47, 26, 27, 35, 0, 27, 44, 32]
[25, 16, 14, 46, 6, 23, 49, 27, 0, 44, 37]
[14, 26, 31, 7, 33, 43, 10, 44, 44, 0, 26]
[34, 7, 18, 38, 27, 28, 21, 32, 37, 26, 0]
