N1,N2,...,Nx
[0, 10, 41, 35, 50, 7, 17, 22, 16]
[10, 0, 31, 8, 42, 11, 41, 12, 23]
[41, 31, 0, 1, 35, 40, 33, 2, 33]
[35, 8, 1, 0, 46, 19, 19, 5, 23]
[50, 42, 35, 46, 0, 46, 11, 45, 19]
[7, 11, 40, 19, 46, 0, 15, 48, 9]
[17, 41, 33, 19, 11, 15, 0, 38, 8]
[22, 12, 2, 5, 45, 48, 38, 0, 3]
[16, 23, 33, 23, 19, 9, 8, 3, 0]
