N1,N2,...,Nx
[0, 19, 5, 25, 47, 42, 4]
[19, 0, 12, 46, 12, 35, 10]
[5, 12, 0, 0, 1, 32, 41]
[25, 46, 0, 0, 27, 46, 16]
[47, 12, 1, 27, 0, 1, 23]
[42, 35, 32, 46, 1, 0, 16]
[4, 10, 41, 16, 23, 16, 0]
